Model run by apricot using Apollo 0.3.3 on R 4.3.2 for Windows.
Please acknowledge the use of Apollo by citing Hess & Palma (2019)
  DOI 10.1016/j.jocm.2019.100170
  www.ApolloChoiceModelling.com

Model name                                  : iclv_cluster_1
Model description                           : 
  I.V.
  - Age
Model run at                                : 2024-06-22 17:16:09.46651
Estimation method                           : bgw
Model diagnosis                             : Relative function convergence
Optimisation diagnosis                      : Maximum found
     hessian properties                     : Negative definite
     maximum eigenvalue                     : -0.563788
     reciprocal of condition number         : 0.000396805
Number of individuals                       : 1224
Number of rows in database                  : 1224
Number of modelled outcomes                 : 29376
                          att_01 : 1224
                          att_02 : 1224
                          att_03 : 1224
                          att_04 : 1224
                          att_05 : 1224
                          att_06 : 1224
                          att_07 : 1224
                          att_08 : 1224
                          att_09 : 1224
                          att_10 : 1224
                          att_11 : 1224
                          att_12 : 1224
                          att_13 : 1224
                          att_14 : 1224
                          att_15 : 1224
                          att_16 : 1224
                          att_17 : 1224
                          att_18 : 1224
                          att_19 : 1224
                          att_20 : 1224
                          att_21 : 1224
                          att_22 : 1224
                          att_23 : 1224
                          choice : 1224

Number of cores used                        :  16 
Number of inter-individual draws            : 100 (halton)
WARNING: Inter-individual draws were used
         without a panel data structure.

LL(start)                                   : -137511.9
LL (whole model) at equal shares, LL(0)     : NA
LL (whole model) at observed shares, LL(C)  : NA
LL(final, whole model)                      : -61251.65
Rho-squared vs equal shares                  :  Not applicable 
Adj.Rho-squared vs equal shares              :  Not applicable 
Rho-squared vs observed shares               :  Not applicable 
Adj.Rho-squared vs observed shares           :  Not applicable 
AIC                                         :  122655.3 
BIC                                         :  123043.6 

LL(0,att_01)                     : Not applicable
LL(final,att_01)                 : -3475.9
LL(0,att_02)                     : Not applicable
LL(final,att_02)                 : -3291.38
LL(0,att_03)                     : Not applicable
LL(final,att_03)                 : -3555.99
LL(0,att_04)                     : Not applicable
LL(final,att_04)                 : -3568.84
LL(0,att_05)                     : Not applicable
LL(final,att_05)                 : -3595.96
LL(0,att_06)                     : Not applicable
LL(final,att_06)                 : -3021.35
LL(0,att_07)                     : Not applicable
LL(final,att_07)                 : -3482.07
LL(0,att_08)                     : Not applicable
LL(final,att_08)                 : -3443.2
LL(0,att_09)                     : Not applicable
LL(final,att_09)                 : -3036.86
LL(0,att_10)                     : Not applicable
LL(final,att_10)                 : -3327.4
LL(0,att_11)                     : Not applicable
LL(final,att_11)                 : -3388.77
LL(0,att_12)                     : Not applicable
LL(final,att_12)                 : -3311.49
LL(0,att_13)                     : Not applicable
LL(final,att_13)                 : -3398.82
LL(0,att_14)                     : Not applicable
LL(final,att_14)                 : -3306.26
LL(0,att_15)                     : Not applicable
LL(final,att_15)                 : -3221.07
LL(0,att_16)                     : Not applicable
LL(final,att_16)                 : -3363.3
LL(0,att_17)                     : Not applicable
LL(final,att_17)                 : -3557.78
LL(0,att_18)                     : Not applicable
LL(final,att_18)                 : -3329.75
LL(0,att_19)                     : Not applicable
LL(final,att_19)                 : -3207.01
LL(0,att_20)                     : Not applicable
LL(final,att_20)                 : -3092.34
LL(0,att_21)                     : Not applicable
LL(final,att_21)                 : -3281.01
LL(0,att_22)                     : Not applicable
LL(final,att_22)                 : -3412.52
LL(0,att_23)                     : Not applicable
LL(final,att_23)                 : -3523.85
LL(0,choice)                     : -2193.11
LL(final,choice)                 : -1881.36

Estimated parameters                        : 76
Time taken (hh:mm:ss)                       :  00:21:41.2 
     pre-estimation                         :  00:01:16.47 
     estimation                             :  00:05:6.03 
          initial estimation                :  00:04:31.25 
          estimation after rescaling        :  00:00:34.79 
     post-estimation                        :  00:15:18.69 
Iterations                                  :  181  
     initial estimation                     :  161 
     estimation after rescaling             :  20 

Unconstrained optimisation.

Estimates:
          Estimate        s.e.   t.rat.(0)    Rob.s.e. Rob.t.rat.(0)
asc_2    -2.421215     0.89328    -2.71047     1.02828      -2.35462
asc_3     0.178178     0.45179     0.39438     0.48878       0.36454
asc_4    -1.514827     0.56126    -2.69899     0.57916      -2.61554
asc_5    -1.398887     0.87064    -1.60673     0.94645      -1.47804
asc_6    -3.117465     1.07379    -2.90323     1.03609      -3.00887
l_2_1    -0.457868     0.59183    -0.77365     0.62896      -0.72797
l_2_2     0.869185     0.35030     2.48128     0.37133       2.34074
l_2_3     0.185989     0.47823     0.38891     0.51402       0.36183
l_2_4    -0.121444     0.14395    -0.84363     0.15908      -0.76340
l_2_5    -0.116835     0.14200    -0.82275     0.15397      -0.75879
l_3_1    -0.474091     0.32062    -1.47869     0.32611      -1.45376
l_3_2     0.125197     0.19857     0.63049     0.20082       0.62343
l_3_3     0.162829     0.24773     0.65728     0.26653       0.61092
l_3_4    -0.028623     0.07779    -0.36797     0.07822      -0.36592
l_3_5     0.048063     0.07635     0.62948     0.07685       0.62537
l_4_1    -0.355361     0.39511    -0.89939     0.40956      -0.86767
l_4_2     0.491301     0.24015     2.04580     0.25487       1.92765
l_4_3     0.642472     0.30475     2.10817     0.32318       1.98799
l_4_4     0.019392     0.09595     0.20211     0.10893       0.17801
l_4_5     0.071428     0.09219     0.77477     0.08921       0.80069
l_5_1    -0.846903     0.59578    -1.42149     0.64685      -1.30928
l_5_2     0.249076     0.39689     0.62757     0.44526       0.55940
l_5_3     0.045074     0.49029     0.09193     0.55619       0.08104
l_5_4    -0.374638     0.14991    -2.49904     0.14594      -2.56705
l_5_5     0.004231     0.15017     0.02817     0.17683       0.02393
l_6_1    -1.027098     0.76683    -1.33942     1.03205      -0.99520
l_6_2     0.764453     0.44462     1.71932     0.49954       1.53032
l_6_3     0.936549     0.57925     1.61684     0.54736       1.71102
l_6_4     0.151559     0.17386     0.87171     0.18594       0.81510
l_6_5    -0.030667     0.19581    -0.15662     0.25762      -0.11904
d_01_2    3.634795     0.05530    65.73258     0.10573      34.37884
d_02_4   -0.056526     0.11609    -0.48692     0.14539      -0.38879
d_03_3    3.613395     0.03999    90.34974     0.09668      37.37437
d_04_1    4.510746     0.06712    67.20116     0.23778      18.97053
d_05_3    3.738637     0.04025    92.88866     0.09622      38.85546
d_06_5    0.019879     0.08990     0.22112     0.10648       0.18670
d_07_1    4.180945     0.06382    65.51404     0.22165      18.86250
d_08_3    3.262348     0.03899    83.66603     0.09006      36.22599
d_09_1    2.648625     0.05504    48.12440     0.14306      18.51369
d_10_3    2.907653     0.04009    72.52110     0.08578      33.89835
d_11_1    3.777699     0.06425    58.79788     0.20608      18.33126
d_12_1    3.541079     0.06044    58.58692     0.19479      18.17931
d_13_4   -0.032190     0.12702    -0.25342     0.15978      -0.20147
d_14_1    3.458799     0.06292    54.96709     0.19027      18.17818
d_15_2    2.881451     0.04898    58.82849     0.09166      31.43553
d_16_1    3.744287     0.06116    61.21846     0.20520      18.24671
d_17_2    3.914088     0.05765    67.89306     0.11234      34.84229
d_18_2    3.200136     0.05019    63.75490     0.09311      34.37092
d_19_2    2.864608     0.04721    60.67920     0.08795      32.57148
d_20_5    0.055196     0.09514     0.58013     0.11462       0.48156
d_21_3    2.765909     0.04098    67.49923     0.08573      32.26242
d_22_1    3.902211     0.06312    61.82266     0.21212      18.39620
d_23_3    3.488314     0.04101    85.06610     0.09270      37.62974
s_01_2    1.691142     0.03894    43.42513     0.04735      35.71860
s_02_4    3.560744     0.07197    49.47437     0.03417     104.20393
s_03_3    1.224245     0.02905    42.13852     0.03631      33.71732
s_04_1    1.413261     0.03351    42.17280     0.04173      33.86581
s_05_3    1.242071     0.02939    42.26677     0.03726      33.33128
s_06_5    2.856086     0.05773    49.47701     0.03899      73.25184
s_07_1    1.377446     0.03316    41.53601     0.04316      31.91704
s_08_3    1.250205     0.02911    42.94559     0.03572      35.00259
s_09_1    1.476097     0.03199    46.13609     0.02896      50.97835
s_10_3    1.344439     0.03019    44.52662     0.03083      43.60422
s_11_1    1.510603     0.03435    43.97584     0.03873      39.00674
s_12_1    1.432338     0.03243    44.16711     0.03707      38.63662
s_13_4    3.887812     0.07858    49.47613     0.03023     128.61125
s_14_1    1.563590     0.03477    44.97575     0.03573      43.75623
s_15_2    1.526813     0.03453    44.22334     0.04241      36.00224
s_16_1    1.375075     0.03211    42.82219     0.04216      32.61453
s_17_2    1.739912     0.04109    42.34166     0.05588      31.13699
s_18_2    1.556830     0.03514    44.30573     0.03879      40.13855
s_19_2    1.474201     0.03289    44.81625     0.03846      38.33305
s_20_5    3.026207     0.06117    49.47372     0.03905      77.50164
s_21_3    1.394737     0.03102    44.96236     0.03237      43.08222
s_22_1    1.425475     0.03265    43.66551     0.03984      35.78002
s_23_3    1.321260     0.03035    43.53199     0.03687      35.83551


Summary statistics for NORMD model component att_01:
 Min. 1st Qu. Median Mean 3rd Qu. Max.
    1       4      4 4.04       5    5


Summary statistics for NORMD model component att_02:
 Min. 1st Qu. Median   Mean 3rd Qu. Max.
    1       2      3 3.3031       4    5


Summary statistics for NORMD model component att_03:
 Min. 1st Qu. Median   Mean 3rd Qu. Max.
    1       4      4 4.2484       5    5


Summary statistics for NORMD model component att_04:
 Min. 1st Qu. Median   Mean 3rd Qu. Max.
    1       4      5 4.3276       5    5


Summary statistics for NORMD model component att_05:
 Min. 1st Qu. Median   Mean 3rd Qu. Max.
    1       4      5 4.4077       5    5


Summary statistics for NORMD model component att_06:
 Min. 1st Qu. Median   Mean 3rd Qu. Max.
    1       1      2 2.5123       4    5


Summary statistics for NORMD model component att_07:
 Min. 1st Qu. Median   Mean 3rd Qu. Max.
    1       4      4 3.9918       5    5


Summary statistics for NORMD model component att_08:
 Min. 1st Qu. Median   Mean 3rd Qu. Max.
    1       3      4 3.8366       5    5


Summary statistics for NORMD model component att_09:
 Min. 1st Qu. Median   Mean 3rd Qu. Max.
    1       1      2 2.5245       4    5


Summary statistics for NORMD model component att_10:
 Min. 1st Qu. Median   Mean 3rd Qu. Max.
    1       2      4 3.3587       4    5


Summary statistics for NORMD model component att_11:
 Min. 1st Qu. Median   Mean 3rd Qu. Max.
    1       3      4 3.6397       5    5


Summary statistics for NORMD model component att_12:
 Min. 1st Qu. Median   Mean 3rd Qu. Max.
    1       2      3 3.3717       4    5


Summary statistics for NORMD model component att_13:
 Min. 1st Qu. Median   Mean 3rd Qu. Max.
    1       3      4 3.6846       5    5


Summary statistics for NORMD model component att_14:
 Min. 1st Qu. Median   Mean 3rd Qu. Max.
    1       2      4 3.3489       4    5


Summary statistics for NORMD model component att_15:
 Min. 1st Qu. Median   Mean 3rd Qu. Max.
    1       2      3 3.1283       4    5


Summary statistics for NORMD model component att_16:
 Min. 1st Qu. Median   Mean 3rd Qu. Max.
    1       3      4 3.5825       4    5


Summary statistics for NORMD model component att_17:
 Min. 1st Qu. Median   Mean 3rd Qu. Max.
    1       4      5 4.3121       5    5


Summary statistics for NORMD model component att_18:
 Min. 1st Qu. Median   Mean 3rd Qu. Max.
    1       3      4 3.4975       4    5


Summary statistics for NORMD model component att_19:
 Min. 1st Qu. Median   Mean 3rd Qu. Max.
    1       2      3 3.1062       4    5


Summary statistics for NORMD model component att_20:
 Min. 1st Qu. Median   Mean 3rd Qu. Max.
    1       1      2 2.6789       4    5


Summary statistics for NORMD model component att_21:
 Min. 1st Qu. Median   Mean 3rd Qu. Max.
    1       2      3 3.2042       4    5


Summary statistics for NORMD model component att_22:
 Min. 1st Qu. Median   Mean 3rd Qu. Max.
    1       3      4 3.7533       5    5


Summary statistics for NORMD model component att_23:
 Min. 1st Qu. Median   Mean 3rd Qu. Max.
    1       4      4 4.1275       5    5


Overview of choices for MNL model component choice:
                                 cluster1 cluster2 cluster3 cluster4 cluster5 cluster6
Times available                   1224.00  1224.00  1224.00   1224.0  1224.00  1224.00
Times chosen                       406.00    70.00   424.00    213.0    66.00    45.00
Percentage chosen overall           33.17     5.72    34.64     17.4     5.39     3.68
Percentage chosen when available    33.17     5.72    34.64     17.4     5.39     3.68



Classical covariance matrix:
             asc_2       asc_3       asc_4       asc_5       asc_6       l_2_1       l_2_2       l_2_3       l_2_4       l_2_5       l_3_1       l_3_2       l_3_3       l_3_4       l_3_5
asc_2     0.797954    0.104475    0.112731    0.109848    0.120973   -0.346335   -0.143127   -0.290901    0.015549   -0.003493   -0.048443   -0.019813   -0.035939  -5.102e-05 -1.2070e-04
asc_3     0.104475    0.204112    0.101956    0.106918    0.103587   -0.049376   -0.019261   -0.035405  2.5715e-04  2.3953e-04   -0.093252   -0.038548   -0.071601  5.1388e-04  -4.651e-06
asc_4     0.112731    0.101956    0.315009    0.101225    0.112185   -0.050756   -0.021840   -0.039704  9.5869e-04 -4.6360e-04   -0.047779   -0.019105   -0.034836   9.993e-05  1.6379e-04
asc_5     0.109848    0.106918    0.101225    0.758016    0.103513   -0.052835   -0.020087   -0.036426  5.6694e-04  5.1645e-04   -0.048865   -0.019227   -0.037900  3.5195e-04  4.2723e-04
asc_6     0.120973    0.103587    0.112185    0.103513    1.153030   -0.053544   -0.023931   -0.042899    0.001433  -8.571e-05   -0.048119   -0.019075   -0.036032  -5.471e-05  -2.725e-05
l_2_1    -0.346335   -0.049376   -0.050756   -0.052835   -0.053544    0.350261  4.0909e-04    0.027937   -0.004493  9.6174e-04    0.053229   -0.001168    0.001210  1.1974e-04 -2.9129e-04
l_2_2    -0.143127   -0.019261   -0.021840   -0.020087   -0.023931  4.0909e-04    0.122708    0.013743   -0.004235    0.001882   -0.001246    0.020246    0.001543   1.051e-06  2.4252e-04
l_2_3    -0.290901   -0.035405   -0.039704   -0.036426   -0.042899    0.027937    0.013743    0.228701   -0.005335    0.002632  4.3663e-04    0.001914    0.030679 -1.2704e-04  1.8366e-04
l_2_4     0.015549  2.5715e-04  9.5869e-04  5.6694e-04    0.001433   -0.004493   -0.004235   -0.005335    0.020723   -0.001284  -4.884e-05 -2.4361e-04  -9.565e-05    0.003099 -1.0969e-04
l_2_5    -0.003493  2.3953e-04 -4.6360e-04  5.1645e-04  -8.571e-05  9.6174e-04    0.001882    0.002632   -0.001284    0.020165 -4.8606e-04  3.4092e-04  -5.201e-05  -5.683e-05    0.003008
l_3_1    -0.048443   -0.093252   -0.047779   -0.048865   -0.048119    0.053229   -0.001246  4.3663e-04  -4.884e-05 -4.8606e-04    0.102794   -0.001929    0.001531   9.001e-05 -5.8117e-04
l_3_2    -0.019813   -0.038548   -0.019105   -0.019227   -0.019075   -0.001168    0.020246    0.001914 -2.4361e-04  3.4092e-04   -0.001929    0.039431    0.003138 -4.3526e-04  3.1612e-04
l_3_3    -0.035939   -0.071601   -0.034836   -0.037900   -0.036032    0.001210    0.001543    0.030679  -9.565e-05  -5.201e-05    0.001531    0.003138    0.061371 -2.4934e-04  1.6273e-04
l_3_4   -5.102e-05  5.1388e-04   9.993e-05  3.5195e-04  -5.471e-05  1.1974e-04   1.051e-06 -1.2704e-04    0.003099  -5.683e-05   9.001e-05 -4.3526e-04 -2.4934e-04    0.006051  -6.449e-05
l_3_5  -1.2070e-04  -4.651e-06  1.6379e-04  4.2723e-04  -2.725e-05 -2.9129e-04  2.4252e-04  1.8366e-04 -1.0969e-04    0.003008 -5.8117e-04  3.1612e-04  1.6273e-04  -6.449e-05    0.005830
l_4_1    -0.053286   -0.046740   -0.145221   -0.046800   -0.050957    0.054826 -1.0710e-04    0.002577 -6.3769e-04   3.657e-05    0.052561   -0.001400 -3.0349e-04  -1.260e-05 -3.8027e-04
l_4_2    -0.020204   -0.018704   -0.054114   -0.017702   -0.019907   -0.001486    0.020696    0.002183  -5.250e-05  2.5481e-04   -0.001338    0.020024    0.001324  -7.885e-05  1.6846e-04
l_4_3    -0.038755   -0.035782   -0.109447   -0.035739   -0.040468    0.001306    0.002492    0.032421 -3.7810e-04  1.9811e-04  4.8487e-04    0.001669    0.031093  -9.522e-05   5.091e-05
l_4_4  -8.2569e-04  3.4243e-04 -8.7142e-04  7.5838e-04 -5.6420e-04  5.0952e-04  2.0741e-04   8.374e-05    0.003017   7.752e-06  -6.855e-05  -6.245e-05 -2.6716e-04    0.003124  -2.454e-05
l_4_5   1.0076e-04  2.8207e-04   3.356e-05  6.4840e-04  1.6515e-04 -2.4557e-04  1.9638e-04   2.947e-06  -8.221e-05    0.003048 -4.7194e-04  2.5904e-04  -4.054e-05  -3.823e-05    0.002989
l_5_1    -0.048509   -0.050373   -0.047401   -0.311081   -0.047955    0.055283   -0.001281   -0.001254  5.4012e-04 -7.1825e-04    0.053696   -0.001467    0.001820  -9.880e-06 -5.7157e-04
l_5_2    -0.021076   -0.019133   -0.018213   -0.162600   -0.018464 -8.9060e-04    0.020641    0.002354 -7.1822e-04  2.8440e-04   -0.001525    0.020125    0.001703 -2.2031e-04  1.5300e-04
l_5_3    -0.039938   -0.036955   -0.035431   -0.282271   -0.036876    0.002526    0.002083    0.032689 -4.4418e-04  -4.451e-05  6.7138e-04    0.001757    0.031842 -1.7631e-04   1.113e-05
l_5_4  -2.6480e-04  1.8915e-04 -1.1984e-04    0.009156  -2.307e-05  1.9610e-04  1.0641e-04  -7.783e-05    0.003274  -5.890e-05 -1.2018e-04 -1.2409e-04  -5.195e-05    0.003177  -3.621e-05
l_5_5  -9.1812e-04   9.711e-05  1.0588e-04   -0.008794 -5.1259e-04  2.5628e-04  3.5981e-04  3.2370e-04 -1.3803e-04    0.003142 -5.0266e-04  2.6919e-04  1.1864e-04  -6.991e-05    0.002997
l_6_1    -0.061529   -0.046131   -0.053711   -0.045071   -0.509299    0.059087    0.002135    0.004761   -0.001415  1.8578e-04    0.053092   -0.001576 -9.3582e-04  2.7948e-04  -6.746e-05
l_6_2    -0.018892   -0.019629   -0.019589   -0.019590   -0.185232   -0.002678    0.020353    0.002137  1.0746e-04  2.4839e-04   -0.001379    0.020230    0.001889 -1.9426e-04   8.121e-05
l_6_3    -0.041296   -0.036586   -0.039087   -0.036795   -0.426291    0.001614    0.003058    0.033858 -4.3230e-04 -1.6313e-04  3.5483e-04    0.001608    0.031947  -6.234e-05   8.852e-05
l_6_4   4.7379e-04 -1.3317e-04  4.2777e-04  -7.028e-05    0.003068  2.4516e-04  -9.031e-05 -6.6302e-04    0.003258 -2.1673e-04   8.057e-05  -9.020e-05   1.196e-05    0.003100  -9.626e-05
l_6_5  -6.8574e-04 -6.2342e-04  2.0143e-04   -0.001393   -0.012974  -4.848e-05  5.9217e-04  1.0302e-04 -1.2272e-04    0.002988 -5.9156e-04  4.0977e-04  6.6955e-04  -3.321e-05    0.003005
d_01_2   -0.001116   1.024e-05   -0.001044  3.2082e-04   -0.001128  6.0302e-04  8.7631e-04 -1.6314e-04   2.278e-05  -1.325e-05   7.087e-05  -8.974e-05   1.919e-05  1.2812e-04   5.742e-06
d_02_4    0.001567 -1.6822e-04 -9.5841e-04  5.7953e-04 -2.4808e-04 -5.7754e-04 -4.2351e-04 -4.9403e-04 -3.2685e-04  -5.629e-05  5.2773e-04 -4.3716e-04  1.0570e-04  -9.365e-05   4.723e-05
d_03_3    0.002482  5.5460e-04  3.2273e-04    0.001586    0.001517   -0.001192 -4.5597e-04 -8.0367e-04  1.9427e-04 -1.0594e-04   9.994e-05 -1.0087e-04 -4.5487e-04  -4.293e-05  -7.022e-05
d_04_1    0.003449   -0.001474    0.002369   -0.003745    0.002249 -4.0296e-04 -8.0683e-04   -0.002240  5.9616e-04 -4.7743e-04  4.5149e-04 -1.6894e-04  9.1196e-04  -7.488e-05 -1.9918e-04
d_05_3    0.002516  4.9695e-04  2.8381e-04    0.001513    0.001360   -0.001246 -4.7894e-04 -7.7015e-04  2.0797e-04 -1.2093e-04  1.2012e-04  -9.980e-05 -4.2114e-04  -4.804e-05  -7.742e-05
d_06_5   -0.001602 -3.8290e-04  1.7307e-04 -9.2465e-04   -0.001406  8.2230e-04  2.7737e-04  5.6017e-04 -1.9353e-04   3.327e-05  2.7432e-04  -2.668e-05  1.3638e-04   4.738e-05   4.863e-05
d_07_1    0.003002   -0.001382    0.002156   -0.003590    0.002115 -1.7973e-04 -7.5690e-04   -0.002048  5.5758e-04 -4.4980e-04  4.3464e-04 -1.7181e-04  8.5856e-04  -6.661e-05 -1.8726e-04
d_08_3    0.002376  4.4556e-04  1.8149e-04    0.001343    0.001356   -0.001125 -4.6837e-04 -7.5400e-04  1.9151e-04 -1.1794e-04   9.933e-05 -1.0389e-04 -3.5589e-04  -5.450e-05  -6.283e-05
d_09_1    0.001947 -7.9882e-04    0.001199   -0.002208    0.001549 -2.6715e-04 -3.4212e-04   -0.001340  3.4429e-04 -2.9356e-04  1.7552e-04  -1.689e-05  4.7551e-04  -6.767e-05 -1.3072e-04
d_10_3    0.002015  5.1184e-04  3.3918e-04    0.001321    0.001759 -9.3045e-04 -4.2692e-04 -6.3387e-04  1.8014e-04 -1.2426e-04   6.215e-05 -1.0748e-04 -3.8942e-04  -4.799e-05  -7.439e-05
d_11_1    0.002913   -0.001249    0.001809   -0.003131    0.002288 -4.2774e-04 -6.1162e-04   -0.001892  5.0661e-04 -4.0765e-04  4.2898e-04 -1.4778e-04  7.3460e-04  -8.207e-05 -1.8034e-04
d_12_1    0.002830   -0.001178    0.001667   -0.003287    0.001875 -2.5659e-04 -6.5978e-04   -0.001894  5.0457e-04 -3.9428e-04  3.2976e-04 -1.7061e-04  7.8259e-04  -5.327e-05 -1.5848e-04
d_13_4    0.001596 -1.5690e-04 -7.1874e-04  5.8554e-04  1.0238e-04 -5.0264e-04 -4.5271e-04 -5.7061e-04 -3.4439e-04 -1.4729e-04  5.5807e-04 -5.3018e-04  1.4107e-04  -1.876e-05   2.924e-05
d_14_1    0.002522   -0.001059    0.001541   -0.002764    0.002301 -2.6803e-04 -5.1324e-04   -0.001744  4.3948e-04 -3.8131e-04  3.7695e-04 -1.0704e-04  5.8503e-04  -9.235e-05 -1.6930e-04
d_15_2 -9.9489e-04   6.843e-05 -8.4169e-04  4.6176e-04   -0.001003  4.9284e-04  7.4197e-04  -8.027e-05   2.491e-05  -6.177e-07   3.088e-06 -1.0729e-04   3.365e-05  1.0667e-04   1.070e-05
d_16_1    0.002707   -0.001305    0.002002   -0.003103    0.001924 -1.0574e-04 -6.4330e-04   -0.001932  5.0276e-04 -4.0522e-04  3.8116e-04 -1.3735e-04  8.1645e-04  -5.649e-05 -1.6346e-04
d_17_2   -0.001233   8.702e-05   -0.001169  4.6950e-04   -0.001439  6.6773e-04  9.0542e-04 -1.1933e-04   1.041e-05   8.764e-08   2.407e-05  -9.741e-05   2.101e-06  1.5006e-04   1.686e-05
d_18_2 -9.3677e-04   4.080e-05 -8.8179e-04  5.6837e-04   -0.001179  4.5761e-04  7.8146e-04 -1.3567e-04   2.302e-05  -1.547e-05   2.698e-05 -1.2091e-04   5.468e-05  1.2276e-04   7.677e-06
d_19_2 -9.0077e-04   7.594e-05 -7.9919e-04  4.6931e-04 -8.6146e-04  4.2025e-04  6.2568e-04  -2.683e-06   2.697e-05  -9.062e-07   4.589e-05 -1.7268e-04   4.837e-05  1.0386e-04   1.427e-05
d_20_5   -0.001449 -2.2207e-04  2.6586e-04   -0.001317   -0.001427  6.4287e-04  3.7225e-04  4.8375e-04 -2.1131e-04   7.451e-05  1.5722e-04  -4.263e-05   9.978e-05   6.353e-05   7.925e-05
d_21_3    0.002119  5.2007e-04  3.9194e-04    0.001421    0.001550 -9.5962e-04 -4.3769e-04 -6.9006e-04  1.7572e-04 -1.1707e-04   5.751e-05  -8.831e-05 -4.0698e-04  -5.249e-05  -6.283e-05
d_22_1    0.002847   -0.001284    0.001737   -0.003101    0.002341 -3.1675e-04 -6.1291e-04   -0.001923  5.1614e-04 -4.3076e-04  4.3930e-04 -1.2571e-04  7.3524e-04  -7.536e-05 -1.9391e-04
d_23_3    0.002359  4.7301e-04  2.3929e-04    0.001425    0.001490   -0.001189 -4.2274e-04 -7.2527e-04  1.8314e-04  -9.203e-05  1.0458e-04  -7.571e-05 -4.0733e-04  -4.400e-05  -6.698e-05
s_01_2    0.001509  4.4635e-04  5.3931e-04    0.001134  3.3547e-04 -9.7830e-04 -4.3215e-04 -1.6222e-04  1.4590e-04  -3.444e-05 -2.5932e-04 -2.1445e-04  -5.756e-06  -9.457e-06   3.550e-05
s_02_4   2.433e-05  -2.677e-06  -1.483e-05   9.103e-06  -4.029e-06  -8.944e-06  -6.542e-06  -7.721e-06  -5.161e-06  -8.481e-07   8.272e-06  -6.787e-06   1.635e-06  -1.493e-06   7.325e-07
s_03_3  -1.818e-05 -4.5468e-04  -1.755e-05 -5.8374e-04  5.2623e-04  1.7435e-04   2.251e-05 -1.4938e-04   5.241e-05 -1.1023e-04  1.5072e-04   7.098e-05  2.2265e-04  -1.467e-05  -4.452e-05
s_04_1   -0.001156  2.0440e-04 -8.4830e-04  -9.234e-05   8.278e-05  5.8787e-04  2.9872e-04  2.9152e-04  -8.929e-05   4.941e-05  -5.086e-05   1.749e-05 -1.6386e-04  -2.261e-05  -1.397e-05
s_05_3  1.8794e-04 -1.7241e-04  1.8183e-04 -1.0593e-04    0.001391  2.3500e-04   5.242e-05 -4.0305e-04   2.746e-05  -7.102e-05   9.218e-05   5.663e-05   3.702e-05  -9.812e-07  -2.793e-05
s_06_5   1.118e-05   2.711e-06  -1.193e-06   6.511e-06   9.814e-06  -5.733e-06  -1.930e-06  -3.915e-06   1.349e-06  -2.363e-07  -1.922e-06   1.800e-07  -9.748e-07  -3.286e-07  -3.377e-07
s_07_1 -5.0293e-04  2.2250e-04 -6.4391e-04  2.3298e-04  -8.644e-06   3.209e-06  2.8741e-04  1.8197e-04  -9.201e-05   6.289e-05  -8.777e-05   5.585e-05 -1.7973e-04  -2.736e-05  -5.300e-06
s_08_3 -4.8152e-04 -1.7175e-04  3.6691e-04 -1.6004e-04  4.6736e-04  3.1000e-04  2.1452e-04  -2.076e-05  -1.401e-05  -1.070e-05   8.875e-05  1.0112e-04  -1.219e-05   4.286e-05  -3.750e-05
s_09_1 -2.5879e-04  -3.708e-05   2.106e-05  -1.594e-05 -3.3095e-04  2.4206e-04 -1.0821e-04  1.3507e-04  -2.042e-05   3.709e-05  1.2397e-04 -1.2355e-04   4.015e-05   2.978e-05   1.702e-05
s_10_3  -6.086e-05 -4.5645e-04 -2.3870e-04 -4.7320e-04   -0.001236   2.021e-05  1.8567e-04 -1.2496e-04  -3.751e-05   4.708e-05  1.4135e-04  1.1744e-04  1.9850e-04   2.997e-05   2.514e-05
s_11_1 -8.1294e-04  1.6698e-04 -1.7490e-04  -7.367e-05 -8.3171e-04  5.8347e-04   5.567e-05  2.2658e-04  -7.465e-05   4.951e-05 -1.4475e-04   2.526e-05  -4.368e-05   2.756e-05   2.047e-05
s_12_1 -9.6972e-04  1.6941e-04 -1.0002e-04  6.9513e-04 -1.8644e-04  2.2815e-04  2.3878e-04  4.7002e-04 -1.3346e-04   7.221e-05   2.249e-05   9.286e-05 -2.4398e-04  -2.567e-05  -3.918e-06
s_13_4   1.293e-05  -1.290e-06  -5.806e-06   4.774e-06   7.805e-07  -4.064e-06  -3.657e-06  -4.638e-06  -2.815e-06  -1.186e-06   4.544e-06  -4.295e-06   1.141e-06  -1.628e-07   2.365e-07
s_14_1 -3.7786e-04  -2.911e-05   8.301e-05 -2.5813e-04   -0.001073  2.3311e-04  -4.547e-05  2.0532e-04  -1.327e-05   5.573e-05  -8.659e-05  -3.430e-05  1.3423e-04   5.566e-05   2.468e-05
s_15_2    0.001275  1.8790e-04  4.0457e-04  3.6669e-04  4.5403e-04 -7.1105e-04 -3.9704e-04 -2.1277e-04   8.761e-05  -4.409e-05  -7.241e-05  -7.568e-05  -4.155e-05  -1.699e-05   1.219e-05
s_16_1 -4.4891e-04  3.3881e-04 -6.8655e-04  -8.000e-05  -7.707e-05 -1.2908e-04  1.4852e-04  3.7937e-04  -8.208e-05   5.623e-05  -5.123e-05   5.504e-06 -2.5779e-04  -2.951e-05  -1.435e-05
s_17_2    0.001776  3.1860e-04  7.1662e-04  9.7640e-04  9.2092e-04   -0.001147 -3.9424e-04 -3.1949e-04  1.9867e-04  -7.364e-05 -1.6546e-04 -2.3976e-04   3.855e-05  -4.001e-05   1.410e-05
s_18_2    0.001170  3.0533e-04  3.7192e-04  3.2045e-04  6.9371e-04 -6.6115e-04 -3.8590e-04 -1.5424e-04  1.1627e-04  -2.056e-05 -1.3982e-04  -8.764e-05  -8.862e-05  -3.006e-05   2.407e-05
s_19_2    0.001120  1.7576e-04  3.3536e-04  3.5387e-04  1.8061e-04 -5.8172e-04 -1.7177e-04 -3.7942e-04   8.505e-05  -4.452e-05 -1.6388e-04   6.092e-05  -7.378e-05  -1.279e-05   4.870e-06
s_20_5   2.651e-05   4.362e-06  -4.754e-06   2.451e-05   2.614e-05  -1.175e-05  -6.768e-06  -8.908e-06   3.854e-06  -1.392e-06  -2.944e-06   7.343e-07  -1.998e-06  -1.148e-06  -1.437e-06
s_21_3 -5.8571e-04 -4.8555e-04 -3.9077e-04 -8.4628e-04 -7.5412e-04  2.1398e-04  2.4515e-04  1.2045e-04  -4.421e-05   3.809e-05  1.2754e-04   6.574e-05  2.6940e-04   4.417e-05   1.033e-06
s_22_1 -5.3088e-04  1.7388e-04  1.1841e-04 -4.0051e-04 -8.8705e-04  3.5987e-04   1.772e-05  1.8151e-04  -6.724e-05   7.918e-05 -1.5452e-04  -3.603e-05   7.114e-06   8.598e-06   4.142e-05
s_23_3  1.1320e-04 -1.7382e-04  2.3830e-04 -1.3500e-04  3.6602e-04  2.8459e-04  -4.173e-05 -3.0641e-04   6.071e-05 -1.3110e-04  1.0174e-04  -1.467e-05   8.076e-05  -3.704e-06  -4.128e-05
             l_4_1       l_4_2       l_4_3       l_4_4       l_4_5       l_5_1       l_5_2       l_5_3       l_5_4       l_5_5       l_6_1       l_6_2       l_6_3       l_6_4       l_6_5
asc_2    -0.053286   -0.020204   -0.038755 -8.2569e-04  1.0076e-04   -0.048509   -0.021076   -0.039938 -2.6480e-04 -9.1812e-04   -0.061529   -0.018892   -0.041296  4.7379e-04 -6.8574e-04
asc_3    -0.046740   -0.018704   -0.035782  3.4243e-04  2.8207e-04   -0.050373   -0.019133   -0.036955  1.8915e-04   9.711e-05   -0.046131   -0.019629   -0.036586 -1.3317e-04 -6.2342e-04
asc_4    -0.145221   -0.054114   -0.109447 -8.7142e-04   3.356e-05   -0.047401   -0.018213   -0.035431 -1.1984e-04  1.0588e-04   -0.053711   -0.019589   -0.039087  4.2777e-04  2.0143e-04
asc_5    -0.046800   -0.017702   -0.035739  7.5838e-04  6.4840e-04   -0.311081   -0.162600   -0.282271    0.009156   -0.008794   -0.045071   -0.019590   -0.036795  -7.028e-05   -0.001393
asc_6    -0.050957   -0.019907   -0.040468 -5.6420e-04  1.6515e-04   -0.047955   -0.018464   -0.036876  -2.307e-05 -5.1259e-04   -0.509299   -0.185232   -0.426291    0.003068   -0.012974
l_2_1     0.054826   -0.001486    0.001306  5.0952e-04 -2.4557e-04    0.055283 -8.9060e-04    0.002526  1.9610e-04  2.5628e-04    0.059087   -0.002678    0.001614  2.4516e-04  -4.848e-05
l_2_2  -1.0710e-04    0.020696    0.002492  2.0741e-04  1.9638e-04   -0.001281    0.020641    0.002083  1.0641e-04  3.5981e-04    0.002135    0.020353    0.003058  -9.031e-05  5.9217e-04
l_2_3     0.002577    0.002183    0.032421   8.374e-05   2.947e-06   -0.001254    0.002354    0.032689  -7.783e-05  3.2370e-04    0.004761    0.002137    0.033858 -6.6302e-04  1.0302e-04
l_2_4  -6.3769e-04  -5.250e-05 -3.7810e-04    0.003017  -8.221e-05  5.4012e-04 -7.1822e-04 -4.4418e-04    0.003274 -1.3803e-04   -0.001415  1.0746e-04 -4.3230e-04    0.003258 -1.2272e-04
l_2_5    3.657e-05  2.5481e-04  1.9811e-04   7.752e-06    0.003048 -7.1825e-04  2.8440e-04  -4.451e-05  -5.890e-05    0.003142  1.8578e-04  2.4839e-04 -1.6313e-04 -2.1673e-04    0.002988
l_3_1     0.052561   -0.001338  4.8487e-04  -6.855e-05 -4.7194e-04    0.053696   -0.001525  6.7138e-04 -1.2018e-04 -5.0266e-04    0.053092   -0.001379  3.5483e-04   8.057e-05 -5.9156e-04
l_3_2    -0.001400    0.020024    0.001669  -6.245e-05  2.5904e-04   -0.001467    0.020125    0.001757 -1.2409e-04  2.6919e-04   -0.001576    0.020230    0.001608  -9.020e-05  4.0977e-04
l_3_3  -3.0349e-04    0.001324    0.031093 -2.6716e-04  -4.054e-05    0.001820    0.001703    0.031842  -5.195e-05  1.1864e-04 -9.3582e-04    0.001889    0.031947   1.196e-05  6.6955e-04
l_3_4   -1.260e-05  -7.885e-05  -9.522e-05    0.003124  -3.823e-05  -9.880e-06 -2.2031e-04 -1.7631e-04    0.003177  -6.991e-05  2.7948e-04 -1.9426e-04  -6.234e-05    0.003100  -3.321e-05
l_3_5  -3.8027e-04  1.6846e-04   5.091e-05  -2.454e-05    0.002989 -5.7157e-04  1.5300e-04   1.113e-05  -3.621e-05    0.002997  -6.746e-05   8.121e-05   8.852e-05  -9.626e-05    0.003005
l_4_1     0.156115   -0.002276    0.005057    0.001330   -0.001027    0.051286   -0.001154  6.3367e-04  -6.467e-05 -1.2144e-04    0.057746   -0.002302  3.8771e-04 -2.6190e-04 -8.6059e-04
l_4_2    -0.002276    0.057672  2.2658e-04   -0.001021  7.7746e-04   -0.001327    0.019449  8.7580e-04  -9.353e-05  -4.612e-05   -0.001118    0.021087    0.001444 -1.8025e-04 -2.3329e-04
l_4_3     0.005057  2.2658e-04    0.092874  2.4298e-04 -1.0349e-04    0.001048    0.001118    0.031208  1.4632e-04   3.722e-05    0.001550    0.001862    0.034193 -1.3183e-04  6.5520e-04
l_4_4     0.001330   -0.001021  2.4298e-04    0.009206  -2.444e-05 -1.1706e-04 -2.9564e-04 -3.7774e-04    0.003122  -3.436e-05  5.7468e-04 -1.4896e-04  1.2783e-04    0.003231   7.429e-05
l_4_5    -0.001027  7.7746e-04 -1.0349e-04  -2.444e-05    0.008500 -3.9170e-04   7.412e-06 -2.0735e-04  -4.170e-05    0.002935   3.493e-05   6.235e-05 -1.0325e-04 -1.0555e-04    0.002976
l_5_1     0.051286   -0.001327    0.001048 -1.1706e-04 -3.9170e-04    0.354959   -0.008032    0.006347    0.001128   -0.002001    0.050212 -7.1445e-04    0.001332  9.0211e-04  2.9588e-04
l_5_2    -0.001154    0.019449    0.001118 -2.9564e-04   7.412e-06   -0.008032    0.157523    0.015638   -0.005792    0.003993   -0.001502    0.019962    0.001146 -4.2352e-04  2.3149e-04
l_5_3   6.3367e-04  8.7580e-04    0.031208 -3.7774e-04 -2.0735e-04    0.006347    0.015638    0.240385    0.001603    0.006238  5.9813e-04    0.001460    0.031883 -4.3751e-04  8.6028e-04
l_5_4   -6.467e-05  -9.353e-05  1.4632e-04    0.003122  -4.170e-05    0.001128   -0.005792    0.001603    0.022474 -6.5719e-04  -1.367e-05 -2.0213e-04  1.3201e-04    0.003061  1.3595e-04
l_5_5  -1.2144e-04  -4.612e-05   3.722e-05  -3.436e-05    0.002935   -0.002001    0.003993    0.006238 -6.5719e-04    0.022551  2.5287e-04   4.263e-05  2.1988e-04  -7.470e-05    0.003066
l_6_1     0.057746   -0.001118    0.001550  5.7468e-04   3.493e-05    0.050212   -0.001502  5.9813e-04  -1.367e-05  2.5287e-04    0.588021   -0.031062    0.030750   -0.005852   -0.011472
l_6_2    -0.002302    0.021087    0.001862 -1.4896e-04   6.235e-05 -7.1445e-04    0.019962    0.001460 -2.0213e-04   4.263e-05   -0.031062    0.197691    0.007400   -0.002746    0.004198
l_6_3   3.8771e-04    0.001444    0.034193  1.2783e-04 -1.0325e-04    0.001332    0.001146    0.031883  1.3201e-04  2.1988e-04    0.030750    0.007400    0.335526 -2.5413e-04    0.016895
l_6_4  -2.6190e-04 -1.8025e-04 -1.3183e-04    0.003231 -1.0555e-04  9.0211e-04 -4.2352e-04 -4.3751e-04    0.003061  -7.470e-05   -0.005852   -0.002746 -2.5413e-04    0.030228  9.8788e-04
l_6_5  -8.6059e-04 -2.3329e-04  6.5520e-04   7.429e-05    0.002976  2.9588e-04  2.3149e-04  8.6028e-04  1.3595e-04    0.003066   -0.011472    0.004198    0.016895  9.8788e-04    0.038341
d_01_2  1.8647e-04  -3.660e-05  8.5377e-04  2.5902e-04   3.370e-05  6.9989e-04 -8.0568e-04  -3.160e-05  3.2096e-04  -9.790e-05    0.001765 -7.3316e-04  4.1228e-04  1.8320e-04   2.028e-05
d_02_4  7.7241e-04 -6.3773e-04  7.7065e-04   8.908e-07   7.398e-05  7.5655e-04   -0.001560  5.1213e-04   8.152e-05 -1.8654e-04 -4.2774e-04 -2.5827e-04  6.7618e-04 -1.5879e-04  2.8887e-04
d_03_3 -2.7699e-04  6.8331e-04 -5.4906e-04 -1.4747e-04   5.781e-05  -8.530e-05 -3.7812e-04   -0.001066 -1.8659e-04 -3.5418e-04 -3.4839e-04  1.8876e-04   -0.001041 -1.6285e-04 -6.7394e-04
d_04_1   -0.001934 -4.3441e-04 -2.9460e-04 -3.8273e-04 -1.9862e-04    0.003212  -5.021e-05  5.5705e-04  -9.095e-06 -1.2675e-04   -0.004652    0.001145  -4.625e-06  4.8886e-04  6.0226e-04
d_05_3 -2.7017e-04  7.0776e-04 -5.4099e-04 -1.5926e-04   5.571e-05  -9.388e-05 -3.6859e-04   -0.001002 -1.7387e-04 -3.6082e-04 -4.2429e-04  2.0299e-04 -8.7158e-04 -1.2081e-04 -6.5796e-04
d_06_5   8.900e-05   4.464e-05 -2.8757e-04   5.726e-05   1.343e-05 -1.7741e-04  2.7527e-04  7.6555e-04   4.959e-05  2.2356e-04 -1.9814e-04  4.0057e-04    0.001021   9.130e-05  6.8751e-04
d_07_1   -0.001779 -3.8061e-04 -2.6908e-04 -3.5365e-04 -1.7523e-04    0.002992   2.377e-05  5.4305e-04  -3.129e-05  -9.357e-05   -0.004165  9.8125e-04  -6.846e-05  4.4350e-04  5.0808e-04
d_08_3 -2.0715e-04  5.9211e-04 -4.0997e-04 -1.3055e-04   5.631e-05  -7.579e-05 -3.7061e-04 -8.5739e-04 -1.7583e-04 -3.1862e-04 -3.6913e-04  1.0772e-04 -8.3162e-04 -1.3220e-04 -5.9871e-04
d_09_1 -9.4742e-04 -2.4124e-04 -1.6533e-04 -1.5025e-04 -1.5075e-04    0.001820   2.835e-06  3.6055e-04   4.401e-06 -1.1963e-04   -0.003210  9.2126e-04  -7.404e-05  3.5315e-04  4.2384e-04
d_10_3 -2.2904e-04  5.7814e-04 -5.2917e-04 -1.3587e-04   2.915e-05 -1.1169e-04 -2.9599e-04 -8.7992e-04 -1.5832e-04 -3.1951e-04 -5.4173e-04  1.2194e-04   -0.001091  -8.105e-05 -6.6260e-04
d_11_1   -0.001415 -3.8336e-04 -2.4470e-04 -2.7450e-04 -2.1346e-04    0.002693  -5.338e-05  4.6286e-04   6.951e-06 -1.3802e-04   -0.004494    0.001139  -8.807e-05  4.4583e-04  5.8803e-04
d_12_1   -0.001395 -3.0799e-04 -1.9147e-04 -2.7955e-04 -1.4550e-04    0.002763  -1.766e-05  5.3439e-04  -8.161e-06  -6.811e-05   -0.003862  8.3514e-04  1.0494e-04  4.1739e-04  5.4396e-04
d_13_4  8.4514e-04 -6.6725e-04  5.1987e-04   9.215e-06   3.542e-05  8.1178e-04   -0.001570  4.5312e-04   5.518e-06 -1.8074e-04 -6.2554e-04 -3.8979e-04  6.0340e-04 -1.4873e-04  2.4935e-04
d_14_1   -0.001204 -3.6534e-04 -1.8147e-04 -2.3965e-04 -2.0518e-04    0.002405  -7.793e-05  4.0517e-04  -6.212e-07 -1.4451e-04   -0.004352  9.8903e-04  -3.717e-05  4.3961e-04  5.7413e-04
d_15_2  1.2712e-04  -8.920e-05  7.5741e-04  2.4133e-04   2.984e-05  6.3381e-04 -7.9418e-04 -1.3148e-04  2.8676e-04 -1.1482e-04    0.001148 -3.4707e-04  3.9599e-04  1.6379e-04   8.557e-05
d_16_1   -0.001621 -3.8947e-04 -2.4234e-04 -3.1335e-04 -1.5799e-04    0.002612  -7.741e-05  5.2978e-04   2.020e-05 -1.2426e-04   -0.003857  9.7015e-04  -8.603e-05  4.0790e-04  4.7161e-04
d_17_2  2.1166e-04  -7.462e-05  9.8611e-04  2.9769e-04   5.895e-05  6.0889e-04 -9.2370e-04   3.297e-05  3.5867e-04 -1.1775e-04    0.001960 -7.5801e-04  5.8214e-04  1.9537e-04   4.554e-05
d_18_2  1.4568e-04  -2.758e-05  7.3340e-04  2.1832e-04   3.125e-05  4.7103e-04 -8.8435e-04  -4.596e-06  3.2004e-04  -9.525e-05    0.001412 -6.3685e-04  6.2328e-04  1.7888e-04  1.4604e-04
d_19_2  1.3844e-04 -1.1023e-04  7.2843e-04  2.2457e-04   2.831e-05  5.6247e-04 -8.6197e-04  -2.361e-05  2.8403e-04 -1.0794e-04    0.001194 -5.3268e-04  4.0261e-04  1.6218e-04   4.379e-05
d_20_5   3.923e-05   2.066e-05 -3.1018e-04   6.404e-05   3.722e-05 -5.1991e-04  6.0485e-04    0.001114   4.565e-05  3.6563e-04  -4.223e-05  3.9521e-04  9.3607e-04   9.084e-05  7.7729e-04
d_21_3 -2.6525e-04  5.9351e-04 -5.6063e-04 -1.3528e-04   3.832e-05 -1.6456e-04 -3.0168e-04 -9.1707e-04 -1.6078e-04 -2.8069e-04 -4.3731e-04  1.3764e-04 -9.9044e-04 -1.3057e-04 -5.9191e-04
d_22_1   -0.001365 -3.5133e-04 -2.4778e-04 -2.8118e-04 -2.1673e-04    0.002709 -1.2884e-04  4.8025e-04   4.531e-06 -1.7117e-04   -0.004700    0.001254  -9.435e-05  4.8704e-04  5.9802e-04
d_23_3 -2.1457e-04  6.4962e-04 -4.9952e-04 -1.4598e-04   5.436e-05 -1.5357e-04 -3.1213e-04 -9.2004e-04 -1.7274e-04 -3.4782e-04 -4.4473e-04  1.6719e-04 -9.3322e-04 -1.4355e-04 -6.1492e-04
s_01_2 -3.6196e-04 -2.7061e-04   5.732e-05  -6.568e-05  -2.589e-05 -3.9951e-04 -4.5723e-04 -2.8805e-04   5.330e-05  -8.003e-05   -0.001016  1.6682e-04  3.1826e-04   5.523e-06  1.5294e-04
s_02_4   1.206e-05  -9.979e-06   1.194e-05   2.112e-08   1.158e-06   1.192e-05  -2.438e-05   7.857e-06   1.214e-06  -2.934e-06  -6.531e-06  -3.989e-06   1.054e-05  -2.474e-06   4.492e-06
s_03_3  -6.118e-05  1.9617e-04  -9.050e-05  -2.710e-05  -7.164e-06  1.7965e-04   5.521e-05  3.1736e-04   5.671e-06  -7.756e-05 -6.1424e-04  -2.053e-05   4.749e-06  1.7353e-04  -3.920e-05
s_04_1  7.2511e-04   1.388e-06  1.5078e-04  1.5746e-04  -2.498e-05 -1.7113e-04   8.050e-05  1.5391e-04   7.976e-06   2.067e-05 -2.6870e-04  2.0836e-04  -7.924e-05   2.726e-05   8.721e-05
s_05_3 -1.3018e-04  2.0396e-04 -2.0384e-04  -1.894e-06   8.827e-06  2.1206e-04  -3.223e-05  -6.842e-05  -7.071e-05 -1.0437e-04 -3.9292e-04  -5.242e-05 -8.1589e-04  -7.570e-06 -1.9869e-04
